% -------------------------------------------------------------------
%  Generated by MATLAB on 13-Oct-2022 01:34:53
%  MATLAB version: 9.13.0.2049777 (R2022b)
% -------------------------------------------------------------------
                                         

bestChromosome = [-0; -0.14891261723039206; 0.85946715310307353; -0.582314795064776; ...
                  -0; -0; -0.31749227426740978; 0.15693481582483937; -0.727199401494969; ...
                  -0; 0; 0.53938977724098525; -0; -0.0057792212486136307; ...
                  -0.21171774637647256; 0.92163084413493879; 0.03277719054465611; ...
                  0.63798692419344571; -0.59884161860943208; 0; -0.34578606449227722; ...
                  0.48547525770658395; 0.091266256764945819; -0.23652798053324875; ...
                  -0.99348082383584835; -0; -0.9917594756352448; 0.51370459360421217; ...
                  0.66668505641481168; -0; -0; -0; -0.014230002549884047; ...
                  -0.55958655296399806; -0; 0.299797043290297; -0.52355425349414886; ...
                  0.32352466269414548];

