% -------------------------------------------------------------------
%  Generated by MATLAB on 13-Oct-2022 01:20:29
%  MATLAB version: 9.13.0.2049777 (R2022b)
% -------------------------------------------------------------------
                                         

bestChromosome = [-0.78460928011689957; 0.875; -0.25; 0.585105769982353; ...
                  0.5; 0.25; -0.375; 0; -0.75; 0.375; 0.79759247006865674; ...
                  0; 0.5; 0.75; -0.875; 0; 0.75; -0.75; -0.125; 0; 0; -0.53994911586096173; ...
                  -0.5; 0; 0.625; -0.75; -0.375; 0.875; -0.625; 0.10853938432184163; ...
                  0; -0.375; 0.85275464168172133; -1; 1; -0.25; 0.75; 0; ...
                  ];

