% -------------------------------------------------------------------
%  Generated by MATLAB on 12-Oct-2022 14:22:54
%  MATLAB version: 9.13.0.2049777 (R2022b)
% -------------------------------------------------------------------
                                         

bestChromosome = [0.25; 0.5; 0.875; 0; 0.5; 0.875; -0.875; 0; 0.25; -0.375; ...
                  1; 0; 0; -0.625; 1; 0; -0.375; 0.75; -0.875; 0; -0.875; ...
                  0.75; 0.75; 0; 1; -0.5; 0.625; 0; 0.625; 0.375; -0.875; ...
                  0.5; -0.375; -0.5; -0.5; 0; -0.375; 0.75; -0.5; 0.625; ...
                  0.375; -0.875; 0.5; 0];

