% -------------------------------------------------------------------
%  Generated by MATLAB on 13-Oct-2022 11:40:48
%  MATLAB version: 9.13.0.2049777 (R2022b)
% -------------------------------------------------------------------
function bestChromosome = BestChromosome()                                    

bestChromosome = [2; 4; 9; 4; 3; 4; 7; 1; 2; 2; 4; 7; 3; 4; 1; 3; 3; 2; ...
                  2; 1; 3; 2; 1; 2; 3; 3; 2; 1; 4; 1; 1; 6; 1; 3; 7; 3; ...
                  2; 1; 8; 2; 1; 4; 3; 2; 1; 2; 5; 2; 3; 1; 5; 2; 1; 1; ...
                  9; 1; 2; 1; 1; 7; 4; 1; 2; 4; 1; 4; 6; 4; 2; 3; 4; 7; ...
                  1; 3; 6; 10];

