% -------------------------------------------------------------------
%  Generated by MATLAB on 13-Oct-2022 11:54:49
%  MATLAB version: 9.13.0.2049777 (R2022b)
% -------------------------------------------------------------------
function constantRegister = ConstantRegister()                                       

constantRegister = [5 5 5 5 5 5];

