% -------------------------------------------------------------------
%  Generated by MATLAB on 28-Oct-2022 14:01:44
%  MATLAB version: 9.13.0.2049777 (R2022b)
% -------------------------------------------------------------------
                                                                

bestPath = [25; 23; 26; 30; 29; 32; 36; 40; 48; 46; 47; 44; 41; 39; 42; ...
            45; 50; 49; 43; 37; 38; 35; 27; 15; 9; 1; 5; 4; 2; 10; 11; ...
            12; 6; 3; 7; 8; 13; 14; 17; 20; 28; 22; 16; 19; 18; 21; 24; ...
            31; 34; 33];

